387.9
132.66
396.42
121.52
396.42
113.0
398.38
213.81
187.02
248.8
151.65
112.35
204.25
356.46
212.12
397.07
369.56
287.69
382.01
357.12
303.16
98.59
188.99
197.05
367.6
181.9
221.67
223.25
173.26
372.84
269.75
285.48
283.51
175.88
206.88
212.12
294.64
106.45
349.91
284.82
101.87
183.09
210.15
292.27
100.56
100.56
385.28
164.09
289.65
244.21
363.67
314.54
139.2
370.22
315.2
307.75
383.97
274.34
97.94
366.29
103.83
205.5
239.62
154.93
372.84
306.03
255.35
359.08
384.63
387.25
246.18
269.35
111.69
397.07
214.08
334.85
128.07
303.16
291.37
191.81
215.39
214.74
216.7
132.0
272.62
378.08
176.54
231.11
153.62
251.42
179.16
257.97
331.57
156.89
273.03
283.1
311.68
216.43
300.13
280.24
738.8
1413.31
999.37
1677.28
1259.4
551.47
1322.92
1585.58
1003.95
1361.57
899.81
1469.68
1279.7
1569.86
1347.83
1289.52
865.87
897.84
1049.8
909.63
1656.97
1566.58
970.55
1368.78
898.5
1556.1
745.35
748.2
518.06
752.98
1374.01
1083.2
1281.02
848.55
1386.45
763.68
930.59
1243.68
1338.64
852.11
964.65
1009.19
1189.32
773.94
983.11
1210.28
1514.84
1486.01
935.3
1375.97
954.94
1470.95
1108.75
1489.94
1231.88
942.38
1361.58
1002.64
801.67
888.67
1112.03
616.31
1252.19
995.43
1396.28
1293.46
701.46
714.77
1674.65
393.38
719.14
935.3
1026.88
1251.53
1273.14
1311.14
1535.8
677.88
660.85
850.02
1518.11
1328.82
960.07
1679.24
1019.79
870.99
920.11
942.5
906.36
1487.98
1439.97
1165.74
891.41
583.56
534.43
1225.99
994.25
565.65
589.88
1085.83
1670.95
1608.29
1779.4
991.25
1388.34
2120.97
1083.96
1001.73
1276.69
1599.28
1608.42
1370.62
1425.83
1060.13
1563.9
1744.35
1484.18
1351.62
1493.23
1535.02
933.73
1582.9
1646.13
1645.3
1582.1
1142.32
1317.17
1525.65
1406.64
1773.91
696.73
1650.34
1080.22
1279.19
1065.49
1560.19
1148.15
1685.39
1657.04
1524.87
1056.2
1397.51
724.12
1649.37
1121.35
1847.64
1939.2
1817.67
1627.03
1651.02
1347.02
1474.47
1998.43
1644.23
1755.98
1025.96
1458.11
951.52
1326.0
1526.51
1584.47
1645.34
1895.0
1361.03
1499.26
1558.75
1592.73
1279.02
1561.29
2008.26
1794.07
1702.24
1583.22
1110.43
885.76
1240.92
1879.28
1381.88
1697.18
919.56
1988.32
1167.67
1673.22
1514.96
1581.91
1711.22
1561.2
1166.12
1650.49
1247.35
1766.24
1827.53
1998.15
1656.0
1050.56
1475.71
930.44
1792.18
1511.24
1639.33
1384.28
1089.38
1448.32
926.88
1348.38
882.24
840.39
1561.26
1464.71
1728.51
1061.12
1458.42
1042.46
986.46
955.92
923.81
1038.13
850.87
1008.97
886.89
1357.87
814.55
664.2
1404.03
1453.81
1002.83
1491.97
1643.68
829.25
1149.82
622.14
786.55
708.27
1477.95
1030.02
835.78
606.5
524.07
1036.16
1134.46
737.67
854.5
1044.42
1326.64
963.11
986.78
1172.74
749.22
937.99
1383.2
1837.24
1229.8
687.31
1381.88
545.17
641.93
1508.86
1579.34
545.83
614.36
620.9
976.88
1874.89
1521.05
683.72
1629.46
1470.36
1018.55
680.58
1009.38
1014.9
950.02
1593.09
1424.11
1110.58
1301.54
1482.0
567.45
689.09
1234.29
739.56
1119.39
1431.94
504.42
1263.86
1133.42
1476.64
621.94
929.73
1231.24
647.36
1042.06
1009.38
1406.02
1818.9
1384.72
1470.84
795.86
1125.4
1696.73
1258.32
460.65
1117.72
1199.87
608.4
550.3
1127.02
939.85
648.22
1262.12
568.52
713.45
1034.12
1008.02
941.62
672.72
1444.5
517.85
1329.35
467.72
816.3
548.05
814.52
982.15
794.65
836.3
1245.57
745.72
471.92
1388.55
497.45
632.75
1062.55
772.2
645.95
1513.17
890.8
686.72
970.32
672.37
1068.25
1165.9
472.22
499.3
642.75
1278.25
447.35
811.42
1342.65
536.27
347.52
300.35
343.2
663.87
1038.67
898.78
1020.41
1033.83
622.92
585.08
1136.07
848.24
956.33
909.91
1228.61
672.57
1157.82
1056.72
1088.45
231.72
894.89
887.91
1004.33
915.12
1040.38
1012.85
1054.51
1244.63
1258.97
626.66
489.1
979.16
285.32
282.4
899.31
696.02
1256.49
1107.21
724.96
1328.59
587.8
606.35
676.94
848.76
355.47
251.93
1035.86
883.09
934.41
1082.26
1045.63
1079.03
633.82
243.98
1032.62
306.59
1045.05
530.85
1064.23
626.05
972.36
777.37
535.74
595.6
245.05
1058.2
932.68
1138.9
1009.52
641.64
1180.68
987.4
1085.68
603.79
617.82
578.08
582.14
653.19
1273.54
257.0
529.65
1005.8
694.34
676.99
328.75
652.08
1393.93
291.96
1055.31
550.52
688.34
960.76
860.63
292.64
624.11
593.36
1020.52
1134.14
642.17
1020.04
1362.86
935.33
1380.0
1457.7
1245.98
542.35
699.22
904.07
946.25
1306.23
742.58
1262.42
1014.41
679.83
1307.46
700.14
861.85
533.45
939.21
992.16
596.91
654.05
973.43
1532.12
880.98
713.62
1319.58
702.73
1030.79
672.37
667.3
965.12
555.27
587.22
735.02
1340.23
1010.84
1062.99
895.06
1030.36
1348.58
1081.11
1055.87
1419.42
755.99
1012.72
1278.82
997.01
865.53
1192.32
1372.97
962.58
1469.42
1232.71
526.94
1305.41
974.22
640.89
867.88
1338.81
1004.27
1012.43
1188.16
1400.88
1288.64
962.6
888.71
1235.69
1472.26
686.97
1503.65
523.61
1201.57
528.36
845.14
1270.15
1078.31
933.19
1535.75
849.44
902.08
769.9
739.78
1395.97
987.02
646.49
1414.63
1239.86
794.03
1469.1
575.07
934.78
668.48
956.35
1057.42
870.51
659.36
933.17
1264.15
910.39
1782.34
1959.73
1975.22
1909.72
1705.54
2053.82
1945.75
1651.39
2052.74
1747.94
1993.9
2076.32
1422.95
1612.98
1666.4
1975.22
1537.19
1944.44
1844.56
1520.46
1502.26
1776.44
1962.35
1614.26
1965.4
1680.86
1921.74
1999.8
1675.37
2056.01
1618.97
1892.04
2062.57
1658.75
2048.81
1573.61
1825.11
2009.94
1617.79
1626.75
1788.23
2017.8
1603.23
1777.1
1779.72
1610.46
1608.53
1579.34
2081.99
2032.55
1868.34
1404.23
2018.27
1561.28
2050.55
1501.95
1637.94
1921.2
2017.62
2033.34
1710.91
1649.21
1699.5
1414.98
1608.22
1461.49
1549.51
1629.88
1547.02
1836.9
2092.47
1938.11
1657.8
1612.65
1592.09
2028.62
1858.86
2027.85
1968.02
1990.11
1535.15
1872.61
1844.88
1596.63
1493.65
1795.43
1473.18
1853.62
1986.18
2076.97
1197.17
2018.02
2040.07
1790.2
1956.23
1858.63
1458.89
2046.19
1157.2
1465.53
1231.83
1278.97
767.36
1814.2
1278.46
872.15
1191.91
1560.7
532.55
1272.14
2196.3
1338.08
1876.44
1073.94
1466.03
2036.92
1609.78
1586.63
1509.99
1541.03
1290.26
2134.72
1647.22
1763.98
1267.7
1494.45
1699.42
785.81
1795.02
1615.06
1589.53
1691.8
1788.57
858.82
1700.74
1696.91
607.28
1845.24
1520.34
315.4
1611.43
1577.21
1220.54
601.35
1311.71
1677.6
1881.16
954.48
1584.02
1210.9
1430.37
1446.52
1259.04
2167.48
1353.73
1201.04
1402.18
1738.36
1120.33
1812.1
1265.04
1037.45
440.84
128.72
1531.27
1295.48
1205.83
1672.99
1251.23
841.25
1664.63
1298.5
1471.26
401.21
1074.26
1410.56
1583.62
1777.55
764.41
1362.95
1095.44
990.05
1353.57
1865.41
497.17
1675.77
1427.87
1461.83
1120.05
1505.34
2156.94
483.55
1427.52
1462.72
1620.86
1447.02
1505.27
1444.09
1037.25
1040.63
1516.94
1755.64
1532.95
1782.46
1717.25
1454.14
1674.31
1622.59
1252.61
1728.39
1441.2
1107.97
978.2
1427.38
496.15
1535.02
1608.96
1349.76
1378.47
1377.42
1099.52
1356.78
1823.14
1261.14
993.77
2035.63
1004.4
1854.17
1405.13
1744.55
574.5
1294.12
1411.9
838.51
715.53
1368.12
1205.47
1243.67
1439.57
1064.76
812.22
1330.32
885.91
1757.94
1026.04
1639.05
2033.2
1343.24
841.38
1593.03
1695.49
1546.35
1903.85
2034.32
1267.69
585.96
1622.02
743.45
1334.94
1870.7
1870.02
679.44
522.06
1253.03
1243.57
1310.42
728.7
1481.99
1347.16
2161.58
1856.88
1743.28
1164.64
2070.41
1041.52
1316.47
1484.64
1751.95
1668.34
1639.42
1261.23
1767.93
1851.58
1364.44
1607.73
1407.1
563.44
990.49
741.49
1553.94
1950.11
1797.09
1213.41
1415.08
1118.99
1615.2
1516.09
1537.16
1270.31
1491.75
1656.23
1371.13
1750.38
1566.73
1282.98
1538.12
1457.89
1295.28
1714.66
1942.61
1365.87
1603.86
1466.92
1370.31
1562.22
2208.74
1401.44
1788.44
1418.41
1331.97
901.12
2154.82
1679.57
1586.24
1299.4
1637.05
1308.96
606.23
1365.74
1899.27
1354.43
1181.89
1414.42
1413.95
1829.13
1491.08
1813.46
2034.95
1957.71
1617.73
1336.07
1711.21
1737.2
1541.69
2070.53
1587.02
1169.96
1994.69
1592.18
1694.72
566.54
844.0
1626.07
1456.17
1714.22
1744.72
1723.24
1719.45
1465.91
1671.5
1181.25
1533.35
758.8
1462.67
1388.68
1700.35
1298.57
1402.33
958.47
1683.49
1550.81
687.38
1690.26
1500.14
553.17
1335.48
1811.16
1538.68
1059.54
1337.33
684.84
998.71
686.06
1441.39
1221.98
978.18
1748.61
1130.84
1101.94
1758.3
1290.25
857.88
1745.47
1332.5
1204.38
1545.54
601.55
1438.51
1126.0
1707.96
730.01
1435.58
984.74
1731.87
444.0
1378.08
1784.18
1613.71
1166.55
1816.03
1521.72
1047.28
1019.46
1638.37
1688.54
1297.69
1001.57
1520.12
1523.35
1492.45
1367.02
1539.77
1053.92
1171.11
1260.21
1331.69
1279.68
1357.06
1707.66
1218.3
1572.01
1226.79
1784.3
1462.7
1238.88
556.71
1104.16
1954.39
1509.34
1159.62
1497.46
1341.91
1283.89
1486.68
1194.49
1309.64
565.82
1042.37
1653.51
1754.62
958.07
1207.16
1727.76
1165.36
1617.39
1611.12
1697.5
1346.76
814.39
1941.27
1836.39
1535.19
1729.98
1565.31
1363.31
1741.35
1873.19
760.76
1490.6
1420.66
1394.2
1263.47
1505.85
948.71
1672.2
1656.23
1608.95
1913.34
1762.31
1648.63
1336.56
1689.09
1595.98
1130.5
820.33
1367.91
1314.42
1295.16
1670.34
1996.33
1612.09
1106.65
1177.32
1028.84
1533.38
1318.22
1842.6
1440.93
1547.24
922.55
1754.06
1723.38
248.59
1729.17
1287.94
1759.95
1569.44
1832.0
1778.19
973.94
581.75
1316.32
688.52
1377.82
1684.51
1878.43
438.91
478.3
1479.22
1615.63
1286.19
1308.55
1383.64
1574.89
1057.11
1659.51
1570.11
1668.02
1797.18
1515.9
649.86
1399.45
569.81
1556.08
1893.22
1639.54
1002.64
1467.99
1307.0
968.22
1561.72
726.68
1387.84
1732.56
1624.83
1874.91
1951.32
1413.07
1246.6
1009.71
1879.06
1003.08
1455.25
1575.11
811.1
1313.18
1630.91
1088.92
1516.28
1321.22
2064.59
635.62
1876.65
1503.88
1580.35
1594.6
421.23
691.96
1542.57
583.16
1156.35
1402.85
1547.9
1668.29
1386.33
1694.73
1440.39
1737.34
720.05
1670.38
928.46
1257.37
1664.74
1666.02
1717.49
356.35
981.47
799.06
1276.43
1705.24
878.47
1507.77
572.82
1152.63
1142.94
1608.54
2008.91
1601.91
1751.62
467.8
1941.31
1484.03
1193.24
1256.06
798.15
1126.3
1260.58
1271.18
1672.31
1941.38
1376.81
781.41
1775.79
1261.47
1565.07
1936.0
1729.3
1339.13
1844.45
1001.33
1775.41
1318.65
1215.14
1613.34
1316.33
1779.68
1613.07
920.5
1130.14
1524.34
989.11
1586.82
1257.16
877.93
1740.04
1312.91
2042.84
1294.12
414.31
1083.57
1316.14
1688.0
1641.78
1537.15
1283.28
1702.95
1675.11
1652.53
1375.95
1260.3
1848.48
1287.27
1649.61
1312.44
1365.36
1866.62
1592.42
1945.31
1404.71
1069.09
976.58
1281.26
1684.12
966.6
1921.32
1469.79
827.91
1621.75
1851.77
1378.94
1144.22
959.12
1363.64
1269.0
790.68
1403.23
492.65
1520.65
1332.65
1353.19
1409.02
971.5
1602.49
1249.22
1199.58
1208.3
1436.47
701.24
1736.22
948.19
431.21
1243.55
1134.73
1398.28
1067.36
1622.68
1284.8
1436.37
1178.05
1496.46
1134.59
1612.05
1274.66
1373.62
1828.72
2130.09
1737.03
1201.74
569.41
1079.33
1383.41
1300.05
1396.85
1659.91
1855.04
1368.41
1009.55
1499.69
1163.34
1484.6
1724.79
1612.66
1330.01
1362.82
1698.37
1349.19
1370.56
891.73
1726.32
1603.41
1512.26
1339.12
887.73
1145.74
1803.18
1271.26
1741.43
1123.84
1493.96
701.6
1349.54
2215.95
1472.4
1521.99
1543.88
1729.68
1612.09
1729.95
1587.86
1360.19
1397.51
1383.22
1730.59
2080.17
934.91
757.24
1547.39
1239.04
1277.18
333.75
1418.18
751.62
1178.84
1737.13
1171.41
1269.98
1534.95
1511.25
1465.63
1547.35
1420.55
1094.44
1561.6
1993.24
1755.97
1265.62
1548.34
1442.51
524.02
1665.75
1317.33
1168.14
977.38
1616.98
1480.37
1379.1
1576.48
1305.12
1688.19
1480.37
1127.62
1876.79
1538.07
1765.67
1040.8
1922.51
1737.34
1794.79
482.5
1147.79
1866.83
980.13
1202.48
644.88
1715.18
1672.75
1351.2
1620.0
1307.51
334.92
1691.65
993.47
988.58
1312.28
2172.05
1427.9
1252.09
1115.74
1442.92
721.37
1421.12
1423.6
1205.43
1355.48
1394.85
1032.3
1378.2
1303.15
1376.09
1526.87
1808.21
1293.24
1226.27
966.84
1671.69
1614.48
1718.74
1295.4
1460.18
710.37
1875.25
909.77
1023.79
1252.89
1790.62
1559.88
1514.47
1241.68
1623.83
831.4
1318.4
1741.66
1029.77
1909.19
1268.42
1965.03
672.64
577.66
1578.68
1058.82
1560.74
973.6
1523.43
1625.34
1301.96
1535.96
1315.12
882.62
1553.03
1572.52
624.68
1240.33
796.6
1032.3
836.55
1447.4
1097.63
1763.68
1963.0
792.25
926.0
712.26
1781.56
997.12
1566.01
1024.55
1909.98
1596.03
298.37
1357.22
1016.69
656.12
1216.68
1252.72
870.18
1615.1
1624.67
1817.39
883.95
367.01
1354.94
1157.24
1605.89
1471.53
1263.0
1342.94
372.18
511.25
1591.18
1755.8
725.47
545.23
1020.11
1051.78
1578.95
1481.43
1523.94
454.91
1402.76
861.63
1620.44
1606.8
1562.1
1472.99
1323.99
1667.86
1357.5
1789.08
1327.19
1443.31
851.7
1210.06
1370.46
905.18
1667.7
1636.86
1467.4
1898.06
1797.09
1511.63
1413.25
1028.63
1329.78
1391.06
888.65
1612.95
1447.32
1599.48
1394.35
1804.81
1609.21
1717.6
324.25
1058.84
1331.67
1812.14
1519.57
1133.15
1475.05
1117.7
1648.93
1488.4
2063.8
1371.71
1778.28
1185.97
1882.44
1702.58
551.02
1040.5
874.65
1406.7
1754.45
1330.51
1540.84
1719.12
1412.73
1895.46
495.45
992.71
824.85
1749.53
746.73
1229.2
1274.99
985.4
632.62
799.71
1467.82
1235.03
1711.54
1034.59
1571.96
1002.06
740.17
1491.98
1452.49
1257.88
1324.9
1282.22
1696.15
1310.5
1620.85
1918.56
1834.87
1466.6
1330.61
1155.28
1623.1
1124.24
1709.85
1626.44
473.75
1865.72
1984.02
1891.6
1602.8
1455.74
1333.69
1137.19
1207.49
1537.77
658.88
287.69
1276.95
609.11
1314.13
1052.16
878.82
825.52
820.26
1532.67
1680.47
588.29
1126.8
1481.88
874.0
1071.44
1721.48
1513.11
1749.03
325.23
1387.61
1649.12
1038.53
1465.12
1155.56
1190.01
1794.63
1281.53
1602.08
710.79
2106.35
1464.66
1953.1
1042.08
1357.77
1311.8
1727.32
663.58
1272.09
404.94
439.1
1875.13
1626.11
806.51
1443.15
909.16
1318.94
1335.9
1293.2
1514.39
1258.17
1364.77
1510.03
1121.19
437.89
1361.8
1797.85
1886.0
1180.9
2090.07
1656.53
1778.21
1038.01
1701.22
1341.2
955.91
1679.65
1192.72
1801.88
1421.33
1376.12
1091.15
1932.21
1565.42
1546.39
1320.97
1598.97
1320.44
1007.12
1523.1
1691.59
887.63
1796.85
981.46
913.2
1477.55
1663.78
1771.63
1074.71
1154.58
1568.03
1118.32
1562.15
1334.66
1787.78
509.0
1406.19
1333.94
1329.78
1482.1
1679.21
2010.07
1631.61
1396.34
1255.14
1552.19
1997.07
602.87
1595.15
667.65
701.21
1267.26
1031.1
1340.37
452.4
1616.25
1300.34
1782.34
1742.08
1167.84
1666.29
1271.62
1821.53
1432.42
1299.75
862.1
683.52
1516.14
1062.03
1711.92
1624.36
1420.83
2133.86
1359.79
1538.17
1500.8
1212.06
1778.27
1704.7
1737.7
622.37
1049.44
869.02
1316.38
1628.82
1679.6
1539.91
1898.71
1072.94
1407.69
1611.74
1620.06
1277.73
1905.35
1021.93
1395.62
809.13
1604.42
1557.47
1517.12
649.32
1257.0
740.09
1016.29
1012.11
476.2
484.84
1385.06
1507.55
1717.57
1340.18
767.68
1230.25
1655.54
473.75
733.3
1255.07
1509.48
1373.74
1010.8
1501.93
1560.27
1750.48
1597.75
1750.08
1301.88
1559.81
1511.51
1287.79
638.65
1132.62
1098.12
1389.92
616.47
1292.97
1879.74
1908.49
1311.05
1516.6
940.52
1432.82
2145.2
932.3
1163.09
1785.56
1060.18
1363.99
1329.93
1746.59
974.1
1039.51
1729.98
1652.39
1689.81
1585.45
1717.28
1638.31
1735.39
1963.5
1506.37
1583.64
1696.27
1263.02
1738.16
1320.67
1634.97
1711.87
1370.14
1404.65
1424.11
1316.97
722.03
1460.37
1499.29
992.71
1024.53
1084.29
1511.16
1360.39
529.46
822.17
1531.11
1528.66
1737.02
1460.24
1787.14
1559.16
1934.83
1238.84
1669.3
1185.27
1294.76
1140.63
1623.26
875.76
1322.72
958.0
1456.14
1511.54
1329.77
1226.3
1209.48
1313.23
1375.58
499.98
1440.97
1245.03
1499.43
1499.11
1494.86
1009.5
1285.89
1430.8
193.78
731.37
1658.29
1574.0
442.6
1134.66
1674.24
520.76
712.75
1548.04
1548.19
1615.23
1427.37
1684.83
1355.14
1714.56
1218.93
1577.47
1566.14
1399.6
1500.65
1820.76
625.33
1545.22
1269.21
1672.64
1302.4
1004.47
1315.18
1494.67
1182.21
941.3
1333.12
1684.37
1752.49
911.7
1442.79
1120.67
1723.93
1673.91
1782.8
633.46
250.27
952.08
1718.03
1302.16
1548.56
1651.28
1660.24
1485.66
1557.46
1664.48
615.11
1584.3
1803.3
1661.89
1463.53
1832.19
1288.67
1620.02
1493.24
1097.48
1476.34
915.75
1721.31
1334.79
1727.35
906.35
1589.96
236.52
1587.64
1311.77
1268.81
528.58
863.68
1179.13
1452.22
1530.61
1027.83
1673.78
1519.99
1038.88
1850.92
1326.51
1109.18
765.72
1283.53
2043.82
1439.78
1360.18
555.71
1108.24
918.42
1027.72
1597.17
1262.45
1636.68
1370.19
1205.78
1723.26
1733.55
1005.91
1253.7
1574.6
1400.63
247.62
1604.44
1852.95
2133.36
1529.23
931.12
1158.3
514.89
1616.43
1644.49
939.1
1221.2
1623.52
609.95
893.12
836.82
1523.15
1329.4
2157.6
1152.5
1160.86
1223.96
1526.23
1960.54
980.56
1499.75
1486.33
1485.26
482.44
1669.46
1295.8
1829.94
1866.61
874.64
1656.55
1190.89
1756.13
1669.55
1644.12
1547.94
502.09
917.76
979.49
898.97
1408.53
1602.41
1417.93
1373.19
1256.26
1633.2
1397.73
1226.93
1185.4
2082.33
1063.27
1771.52
1375.69
1582.7
1451.06
940.21
1490.51
1778.29
1565.72
707.1
1523.04
1405.45
2044.22
1448.1
1471.4
1195.98
1274.37
1613.4
1624.38
1520.0
930.12
1466.29
974.7
1784.02
1741.07
445.46
1048.29
1671.06
1505.76
904.67
1272.75
793.92
1123.62
1579.08
1131.65
1706.49
1393.02
973.16
916.73
1474.81
1028.76
1075.39
1314.03
439.2
1132.19
1693.88
2059.93
1851.65
1545.69
1589.24
1369.57
1697.73
1764.31
1370.05
485.3
1617.45
1275.64
1588.33
1066.47
1778.68
1495.44
1191.68
1032.55
819.3
1849.03
1040.93
1297.95
1114.43
434.9
1357.57
1724.97
1082.0
1326.97
1728.29
725.86
1878.52
1245.51
780.82
1557.67
979.43
1708.92
1911.61
1120.8
1804.27
1831.89
1809.0
929.27
308.72
949.4
1583.76
1577.97
691.75
1691.52
1667.63
1113.56
1783.91
857.88
611.38
1491.45
587.89
117.59
1136.56
1553.37
1759.29
1635.01
1876.45
1568.37
1640.39
1355.08
1254.26
1394.72
1545.94
452.75
1550.59
1351.07
1577.13
1300.96
1589.53
1082.99
1910.4
1585.5
1529.07
1190.19
1045.74
1729.13
1083.2
1556.36
1875.55
752.62
1714.0
107.11
1670.86
1064.08
1565.01
1679.5
1103.79
1119.42
1698.4
1623.43
1690.3
518.98
1323.8
1717.83
1504.16
1354.51
1574.18
811.9
2025.34
1749.9
1174.77
229.15
1757.86
429.83
360.6
1334.05
884.48
1566.59
1819.22
1417.44
1667.21
1672.58
1310.74
1457.37
936.27
727.64
1227.05
1032.67
1653.11
1301.96
1621.49
1726.98
1345.9
1905.35
657.27
1453.83
1382.54
1135.47
985.14
783.93
1234.29
1069.82
1448.28
1243.46
1574.18
1637.12
1847.62
1020.55
1752.86
753.37
1646.07
1858.76
1346.68
916.05
1459.42
864.04
1822.72
1385.66
697.93
1742.64
1035.56
895.07
486.7
1103.45
413.65
1741.97
1784.5
1613.13
1241.74
1284.91
443.0
1319.0
1237.93
1202.15
319.2
1716.52
1603.97
444.48
1320.61
693.05
1069.07
1216.83
1665.29
1031.7
709.39
1341.05
1574.83
1281.89
1665.49
1803.44
1321.36
1456.03
1834.26
1329.28
865.19
1045.18
1619.8
1358.95
1581.8
1120.05
1595.43
2073.76
1666.97
837.12
1825.3
1924.79
1505.82
1585.69
1370.32
841.96
1785.61
1390.52
1124.91
1475.62
1437.95
1344.82
434.98
1540.89
969.75
1063.72
164.47
1611.12
1826.23
1723.07
1271.59
1405.99
1518.02
1628.51
1741.61
842.6
1465.25
788.33
1631.56
1873.98
1268.57
1627.62
1407.67
1577.52
1991.16
1499.34
661.66
849.74
1448.73
1823.37
1458.05
1244.99
1035.89
1390.3
1236.24
1628.78
1511.28
1554.54
1519.44
802.73
1697.62
1445.29
1287.25
1009.49
1370.62
856.36
1242.3
1181.77
1147.95
1378.44
1430.6
1989.45
1104.68
906.49
1066.04
1534.38
1452.12
1758.64
1351.02
1173.08
1256.97
642.89
1685.59
965.86
2054.11
940.2
1778.9
546.34
1527.42
1140.49
831.31
351.22
1518.42
1595.85
545.64
1348.26
1550.88
1640.36
1327.74
1509.17
1429.95
1566.78
1737.68
1327.0
1639.17
1350.31
652.73
2022.06
1698.81
1391.38
1886.8
1666.52
1576.23
1570.11
1570.92
1416.21
1269.49
1321.37
1027.96
1778.95
1341.56
1687.74
1576.85
1492.69
1580.18
1388.72
987.35
1650.98
881.33
1375.0
1367.39
1703.33
1559.85
571.77
1475.67
1364.96
1725.88
1565.97
1046.24
1535.6
1763.98
1455.4
1602.1
896.63
899.0
1600.81
379.97
1844.43
1830.81
1591.84
1486.06
1369.46
1411.05
1361.44
1479.97
79.32
1349.61
1256.75
1225.24
1864.47
1779.65
1408.31
1412.2
1411.5
1468.59
1333.75
1662.97
1427.76
1884.06
908.09
1432.03
1206.8
1414.2
671.07
909.85
558.99
1762.35
823.17
1442.86
1057.88
1385.6
1499.63
1685.44
1480.03
1617.59
1445.53
1378.58
1571.82
1784.89
1217.97
477.56
1219.84
1573.8
1513.87
2007.14
1685.42
566.13
359.16
1546.95
1235.72
1626.24
960.98
1848.77
1122.87
1441.26
1267.08
1045.36
1243.46
1785.49
1513.06
1554.15
2031.89
1320.13
1546.29
1600.89
1526.54
1810.2
1662.76
1365.12
1177.51
2120.97
1067.92
751.6
1581.45
1117.79
1479.67
1199.01
1248.79
1199.78
1588.46
1514.98
1535.59
1268.7
1452.53
1573.51
433.34
1508.55
1060.25
1645.84
1662.75
681.88
475.85
1466.43
1678.34
1007.52
1560.47
829.88
1158.9
1411.61
631.45
1647.09
1241.07
941.4
1757.44
1689.45
1357.29
1025.17
795.85
1364.83
1551.51
1627.65
1487.19
1498.37
1426.85
965.75
1778.06
1523.8
1145.45
1557.71
221.46
1508.9
1318.35
1626.46
630.0
599.38
1582.17
1792.41
1261.35
866.77
1609.06
1885.96
1596.82
1552.84
1694.57
1575.9
1190.41
1727.19
1446.57
1667.71
1075.06
1403.36
919.62
1562.9
1736.91
1539.22
1848.93
2134.51
1492.28
1725.3
1597.57
810.45
1297.83
1394.89
748.27
1402.76
1520.28
1440.16
839.41
1821.32
1690.62
1497.7
1773.82
1409.19
1755.91
421.72
991.12
837.64
1501.41
673.68
1715.37
1566.2
2170.7
1773.3
1246.75
1091.46
402.31
1061.45
1461.44
1715.58
1361.13
756.55
1041.72
474.45
1357.32
1614.98
921.52
953.95
1687.25
1430.13
1913.87
1097.49
1312.63
508.93
860.04
1818.7
1397.07
1518.84
1015.76
1495.34
1534.61
1650.92
1578.71
1373.24
1987.95
1442.06
1554.66
736.85
939.42
1757.12
330.67
1818.54
1751.36
1290.7
1482.57
1008.28
1797.22
1294.55
1457.08
1417.43
1048.41
831.41
1624.18
1708.01
1771.16
555.79
1114.66
1785.4
532.87
1030.63
1950.33
1115.53
1375.78
2065.3
1569.34
861.36
1585.67
1177.35
1080.48
1285.5
1820.14
1022.42
1280.63
1807.57
1655.15
1069.32
1701.73
1950.55
1314.16
790.94
1638.12
955.01
1018.01
1305.88
1306.73
565.29
1711.39
464.74
1274.46
1279.08
1443.1
1688.04
1795.9
1310.7
1432.05
288.42
826.22
1643.38
1634.34
1195.68
1346.39
1838.66
1493.37
1496.64
1534.75
1193.64
1602.4
454.26
2206.57
1400.13
998.58
795.23
605.22
1637.53
1421.38
1323.23
1615.37
1429.32
1138.09
1467.5
1485.37
1062.01
1882.87
1503.53
1436.36
1825.25
1395.18
2017.27
1367.08
1871.15
1189.54
1153.88
1557.45
1141.88
1431.53
1039.14
2070.2
1024.84
1410.49
1318.42
1608.96
1432.95
1301.92
1535.14
1324.56
1843.94
1236.88
1708.71
1733.21
1625.54
2196.3
1302.44
1032.72
1658.74
1668.56
1541.4
991.62
1019.45
1614.11
1330.66
1809.25
1326.15
1431.87
937.01
1059.9
1023.05
1839.4
1389.18
1321.59
1609.94
1423.0
1624.34
1876.66
1868.14
1532.09
1423.62
1756.39
1215.97
524.72
1459.25
1612.08
1766.84
1857.21
2219.01
1658.94
1570.93
1200.32
1058.61
1230.41
1566.74
1231.52
1365.57
1279.3
1321.65
1390.19
744.36
1728.27
1366.82
1861.09
2205.91
1206.62
767.87
1592.34
1791.46
1941.5
1602.68
921.29
1669.53
1705.56
1752.58
493.35
1329.6
1542.66
419.27
678.28
1338.93
1151.19
1576.21
1319.78
1597.89
1189.15
1248.53
1271.87
862.9
1287.83
1764.4
1436.03
1247.18
1637.39
1396.6
1345.92
968.03
1971.43
1486.18
1416.31
1219.93
1588.51
1577.25
1358.45
1476.07
333.61
787.66
1308.41
846.07
1274.24
1769.11
1565.47
1747.28
1603.18
1509.13
1287.07
1536.83
1353.18
1998.43
1603.21
1430.17
1531.75
1869.6
1461.16
1421.25
1353.93
1504.71
1640.32
1418.69
1278.38
2080.36
1981.77
1469.68
986.74
1586.49
1853.72
1297.98
1492.18
1519.77
1897.79
975.62
1772.83
759.29
1168.63
1562.58
653.35
1364.84
1624.07
1499.74
1656.24
1719.12
1107.58
1059.16
1096.09
1842.15
1493.58
1428.91
1466.15
1593.61
941.37
1388.22
1377.3
1321.38
1133.43
1477.84
1528.45
1886.72
2083.64
1366.4
921.32
1746.6
996.88
1723.66
1593.35
1677.42
1044.86
1016.0
1250.02
1562.65
1328.96
1459.57
924.04
1533.25
1399.99
1461.79
1721.83
1980.02
450.47
1301.22
1008.81
470.95
2081.48
999.14
1491.7
1757.23
1195.8
1261.04
1660.21
1544.54
1488.13
1612.69
504.7
955.28
1361.14
1583.9
1501.66
1729.65
1343.26
1503.97
1590.05
1558.06
791.24
1650.72
1691.18
1665.49
2014.81
1716.63
1391.51
1067.48
934.39
1632.23
879.69
1674.57
1555.11
1488.15
964.93
1628.84
1877.76
845.22
1544.61
1035.83
947.6
1851.55
1255.06
1647.73
1728.7
1526.95
1351.88
1747.02
965.94
1194.56
1671.3
1154.45
1530.01
1435.73
1230.05
809.54
1602.1
1003.56
1974.78
1155.15
1402.01
1618.34
1309.19
834.93
1202.99
1351.73
973.13
615.91
790.28
478.7
1395.9
1740.38
830.44
1515.28
2020.63
1744.34
1359.07
1897.96
1826.66
886.68
1378.29
2056.59
1445.33
1525.35
1346.44
1551.0
1758.31
1284.61
1046.39
1312.24
1610.88
1634.7
1352.48
1190.34
1679.87
920.76
1084.41
956.53
1365.77
1130.99
1360.83
1082.78
1040.57
1397.37
726.1
933.64
431.48
1818.56
1329.65
637.67
1740.65
956.33
2099.36
1427.27
1614.01
1865.15
1373.42
806.43
1564.73
1943.66
1601.78
995.62
1357.58
927.18
1837.89
465.7
1377.52
1562.45
1474.93
1587.47
1120.51
997.77
1694.3
1345.07
1662.91
2038.33
1282.01
1642.35
1772.4
639.5
1570.11
842.3
1585.21
1020.6
267.59
788.23
1374.99
1579.93
1650.47
975.9
1371.2
1461.28
833.95
1346.32
1495.23
1656.91
1584.51
1581.88
689.92
1341.4
727.66
1565.17
1132.31
1326.84
879.37
2082.33
1380.82
1436.64
1650.31
1691.18
1278.26
1563.73
1567.69
1373.16
1712.12
1629.17
1136.89
1417.98
1563.37
1423.21
1100.03
1737.13
1168.13
1379.66
1758.64
1926.43
1176.64
2212.66
2110.93
854.61
1593.75
1898.16
1537.57
640.69
1100.67
1357.84
1987.82
1321.34
433.85
1509.48
946.17
1370.32
1414.31
1501.92
520.13
892.6
1742.47
1649.05
861.44
976.06
1845.44
1560.8
1664.58
1692.38
1284.16
449.95
1991.94
1583.22
1253.28
2167.47
1346.11
1491.9
1189.62
1498.09
1550.92
1703.38
1633.27
788.17
1618.86
1113.63
1736.91
1589.42
1164.86
1541.94
1766.24
1439.01
999.37
687.45
1274.24
1419.78
1601.85
1021.35
1795.13
1383.05
1437.93
1309.96
1196.96
1035.47
967.05
1932.15
1523.31
1149.58
817.78
1262.12
1637.89
1785.99
749.35
1616.38
1363.33
1626.68
1484.56
1978.17
719.4
1675.95
1360.5
1426.29
1317.16
946.21
933.01
1610.21
1353.55
1520.04
1650.57
1263.35
1611.85
1323.33
1254.21
1254.9
2232.11
1378.01
1455.11
1111.47
803.74
1775.11
1536.06
1328.33
749.63
1407.01
1714.93
1545.62
1762.97
1774.98
847.14
1663.96
1662.0
1592.76
951.26
1504.1
650.64
1517.59
1328.96
1404.69
1309.03
795.42
1007.1
1661.62
892.22
1545.42
1639.82
1372.03
1659.65
1096.83
1523.9
1570.77
1371.64
1681.91
387.0
1461.43
1181.2
1620.77
1813.12
376.03
1442.26
434.55
1592.14
1547.49
1602.78
1556.63
1651.74
1101.03
1446.6
1849.59
1399.05
1618.0
1325.56
879.25
1629.82
1204.92
1518.12
1328.95
1601.35
1764.05
645.77
1468.21
1682.06
1045.17
1335.38
1005.8
1565.92
1160.21
830.81
620.25
1298.48
1621.72
1245.66
1180.93
1847.41
1491.7
1840.12
608.56
1675.55
949.81
996.74
1363.41
840.5
769.17
1621.49
721.92
1955.86
1315.11
1332.3
1842.41
1437.65
1316.81
1437.99
1305.1
1375.12
1557.79
444.7
1749.65
736.58
831.22
912.62
451.02
1904.4
1888.18
1384.12
1241.74
432.44
1063.04
1263.53
1381.87
1445.35
2186.26
1020.85
1391.33
1732.97
1622.45
1746.65
1642.73
1459.21
1294.56
1882.54
1840.91
1610.62
1547.2
1400.07
717.98
1814.87
1239.43
1144.6
1855.61
1602.41
1632.8
1438.34
1671.78
1095.87
877.93
1962.19
1223.39
1463.14
326.41
1426.33
1695.66
799.55
1666.21
1879.72
1854.38
222.59
1533.56
1810.87
1970.32
900.0
1316.25
1106.71
1893.57
1608.1
2079.05
1282.26
1666.06
845.75
1663.72
1257.95
789.4
1757.07
212.5
1759.1
715.48
450.3
1464.85
1362.47
2054.62
1583.49
2026.65
1751.27
886.31
1951.77
1489.08
2015.39
687.85
829.07
1237.98
1528.97
1630.05
555.55
1729.88
2201.53
1339.73
1172.0
732.75
1718.8
1802.46
1578.15
1553.37
1595.21
1309.41
711.6
1274.66
1628.32
1859.95
1770.36
1655.83
916.4
1528.79
1301.55
1700.24
1402.61
1307.49
1738.43
1996.72
666.85
1755.29
1472.26
1348.32
1866.72
1336.34
1396.95
1374.03
1825.44
714.15
924.67
1751.58
1653.28
766.05
1629.01
1594.89
1364.87
1796.75
1630.58
460.1
735.18
1589.45
1392.61
1520.91
964.85
1328.94
1125.57
1361.83
1371.08
1356.65
1652.45
1467.09
947.49
1559.33
1521.56
1122.07
1401.31
1606.3
1727.67
1617.45
1653.58
1526.88
1822.68
1466.59
1737.89
1782.57
1236.45
1496.88
1528.51
1096.83
1636.67
1550.02
1676.02
1514.25
1774.35
2027.85
466.42
1577.85
798.66
1442.49
1740.19
1308.14
1307.37
637.59
1376.27
1551.97
1251.73
1552.31
1806.87
1666.55
988.66
1594.45
528.94
1625.46
1195.8
1632.11
1197.61
928.85
1673.97
1229.29
1313.7
609.15
1386.8
1276.3
1335.74
1728.36
1488.28
1454.63
1788.01
1695.03
1530.16
1539.43
1309.63
1231.86
1468.99
2103.94
661.91
1147.91
1645.85
635.38
1109.63
1363.9
1133.84
1573.05
1606.42
434.2
1733.78
1772.06
894.37
1242.42
1008.07
716.92
1559.32
726.02
1674.27
1807.07
1351.41
1333.34
1574.07
329.15
1593.71
1286.26
1317.06
1127.98
978.93
829.04
1507.16
1157.0
1342.38
1611.07
873.8
1368.87
743.64
657.72
1778.28
1497.38
1250.37
1625.24
1653.19
865.6
1683.21
1507.05
1353.55
1640.52
1365.32
1566.64
762.77
1513.95
1773.09
643.41
670.67
851.12
1676.23
1520.03
1219.92
2038.43
1365.81
1265.77
1669.55
1168.34
1794.89
770.41
1310.55
1510.88
917.27
2007.79
1414.7
1213.26
1513.8
1404.66
976.81
1638.82
2073.8
1441.84
1562.88
501.05
890.2
1046.09
1336.51
1373.36
1765.65
1571.86
1658.19
1241.83
752.95
1903.13
1611.95
1183.95
1282.56
1728.56
1697.48
721.62
1621.71
1398.7
746.43
329.53
1602.55
1565.59
1265.09
1172.03
712.84
1490.13
1272.1
1474.49
1773.32
1789.54
1178.05
1165.74
1577.93
973.44
1298.52
1210.95
861.02
975.98
683.23
979.69
1814.39
1604.12
1523.22
1494.5
1326.36
1751.58
1511.16
1123.03
1320.07
2021.95
1050.1
1462.79
1548.5
1514.61
1541.18
1303.35
1354.82
1964.09
1010.47
663.22
1300.53
1515.09
1165.95
1092.37
1254.38
1258.07
1825.77
1398.71
1099.37
1630.25
1460.92
1796.11
280.03
294.97
1890.41
1720.43
907.38
1593.31
884.22
1203.09
603.22
1123.74
1197.27
1946.27
879.78
1649.78
1480.73
578.42
1693.41
1215.16
627.49
1562.01
1747.35
1400.07
1392.43
1876.47
1379.79
574.13
1666.51
1619.46
1279.88
2014.09
1213.33
1803.2
1021.5
1674.43
948.64
1431.9
851.97
1270.36
1633.38
1750.95
1445.55
1399.81
651.07
802.08
1383.17
1293.98
1893.68
1849.59
1580.31
879.04
1218.92
1199.42
839.64
1706.85
725.44
1425.41
1415.92
1373.19
1345.2
1655.67
673.61
944.78
1583.74
1331.51
1532.98
941.95
915.95
1532.7
1465.85
1476.57
1642.22
1545.0
1453.18
181.12
1755.14
1417.62
1582.97
1250.1
1168.18
1215.31
1785.14
1618.39
1577.69
1322.28
1771.86
738.87
1779.11
1324.07
1574.42
1848.43
1703.65
1348.19
1510.05
1692.73
1596.3
993.11
1565.4
1237.43
924.23
932.12
1607.98
1815.03
1131.54
385.6
1690.3
702.12
1453.1
1406.49
1201.73
1727.9
1437.07
1694.41
472.0
1724.9
1283.0
1189.06
1407.25
1189.76
1482.6
1451.42
753.35
1395.12
1072.86
1690.21
1378.23
1501.99
1253.64
1775.68
1953.49
1292.91
1716.05
1300.82
1584.68
1516.15
1320.58
1165.76
1464.62
1226.58
899.37
1577.48
1432.22
762.04
1519.06
1113.2
1803.2
1260.15
1363.31
1069.97
1581.8
1333.88
1748.02
1772.79
1839.6
1754.25
689.42
1714.6
708.01
1251.85
1145.83
1240.18
935.07
1944.44
1502.73
1196.98
1232.15
824.27
1535.21
2122.07
1622.17
689.74
1115.6
885.62
1586.02
1406.12
1535.92
1927.49
1305.02
145.47
1415.19
1742.38
1387.0
1630.77
1072.89
1855.51
1845.76
1125.14
631.49
1721.2
1103.88
1802.59
1479.39
1309.91
1593.49
1403.37
1592.14
1596.33
506.66
1109.05
123.21
1451.1
789.54
1126.22
1944.63
1917.15
739.04
1374.16
1567.71
2047.61
1720.9
169.21
1512.58
1016.76
1686.94
911.72
1535.69
1566.73
1723.49
1445.9
1764.31
1217.39
1379.06
699.65
1482.58
1414.93
1228.48
1202.04
1804.39
488.8
1135.97
312.12
1638.41
1514.12
1018.34
1361.58
669.8
1356.43
1193.83
1297.53
1339.05
1342.8
1491.18
1436.7
1048.91
1580.72
1370.47
1191.06
1770.45
1599.64
1548.3
1649.8
1277.3
1229.27
834.58
1404.37
673.7
629.67
1368.23
842.27
2001.76
1619.12
931.47
1525.77
1188.66
1743.15
1243.98
1102.99
1259.7
781.05
1284.08
1280.81
1210.14
1815.04
783.97
1320.5
1241.59
1507.68
652.4
1459.62
478.65
900.86
1963.73
1555.29
1179.13
1404.08
889.05
1800.37
1520.4
1290.59
1433.7
713.95
2073.15
1368.72
1961.69
1410.64
856.29
1926.66
1466.9
1297.28
1094.87
1423.16
1281.01
1363.64
1366.88
996.23
1471.76
1310.36
1767.45
1338.9
923.61
1250.58
1131.54
1255.28
1373.89
1514.25
1954.06
1695.87
1028.06
1913.33
974.22
1671.1
1272.93
1736.49
1299.14
1248.36
1559.53
1318.43
1593.97
774.57
1048.71
1995.02
1601.53
1776.91
1373.01
1855.41
1796.09
2064.53
1615.12
1700.13
1541.1
1804.41
1290.74
1292.65
1276.78
1378.03
1341.84
481.12
981.25
1668.03
1397.51
1930.24
2029.27
1747.57
1403.41
832.31
1512.39
1818.14
338.12
1618.65
1329.38
1467.62
1700.68
1126.91
1219.96
671.58
618.63
1256.03
1765.96
1845.03
1994.04
1607.87
1333.54
1726.0
1078.47
1672.93
847.38
1718.15
556.37
878.29
1317.85
1141.93
1044.18
1535.81
1339.96
1469.44
1705.33
1782.0
1297.51
1522.85
1586.95
1342.2
1755.11
1774.7
1499.16
669.77
1156.46
1522.95
1220.39
1432.88
569.22
846.38
1507.87
1005.45
1241.06
791.34
983.92
1711.52
1223.72
1268.4
1139.1
1596.98
1628.69
1554.9
1676.45
1362.89
1276.95
624.18
1651.87
725.37
904.56
1431.8
1768.65
1317.09
1733.87
930.96
1250.02
939.24
1124.47
1146.52
1199.44
1698.18
1870.64
1182.55
1344.95
1509.52
1396.2
1424.76
1540.3
1403.46
1765.02
1309.68
931.12
1762.74
1647.81
1028.84
1229.8
1622.28
1268.57
549.24
1584.19
1546.56
853.77
895.75
1252.82
1143.63
1015.43
1332.2
1181.33
1426.29
1507.29
1376.61
1526.39
1638.22
1538.56
1248.79
1586.93
1596.79
1637.16
1603.71
1713.93
1402.25
1603.12
1189.03
1586.83
1329.27
1174.05
1443.73
1083.64
1270.1
1574.97
713.61
1870.96
497.55
1049.93
1038.23
1884.15
1638.89
1343.82
1607.09
1300.32
1472.07
822.67
1310.76
925.09
1431.2
1495.73
1131.02
1338.45
1383.85
659.86
1262.42
889.96
1324.39
1648.07
1181.52
1212.88
731.94
1514.22
452.15
996.23
985.61
1312.68
1446.47
1892.38
2206.78
1369.84
1631.44
861.68
1040.63
1965.58
1877.75
454.5
1411.92
1393.54
1007.09
1622.82
1652.19
897.84
1915.3
1807.74
1672.07
1336.76
1449.54
859.63
1677.2
1223.4
1502.7
1382.65
1004.23
587.6
1700.59
1632.22
889.44
1377.29
1239.31
899.67
1217.76
1904.34
1011.63
680.9
1493.1
1772.71
600.18
637.66
549.54
1721.81
1716.58
1484.5
1531.29
1165.63
2046.96
1393.3
1193.47
1685.2
1801.32
1595.01
1364.7
1671.02
893.03
711.64
1420.17
1557.65
1635.16
1594.26
1048.06
1480.58
1549.84
1884.46
1768.76
1789.23
1490.07
1359.51
2211.36
1551.9
1089.62
729.25
750.63
1429.18
1020.42
1705.97
1593.15
1601.14
1041.42
1278.92
1316.52
1239.53
732.38
1195.85
1649.62
769.0
1517.07
1371.93
1403.72
1310.64
1263.88
928.17
1527.54
1425.24
1487.78
1490.56
1291.93
1602.41
1279.56
1655.83
447.85
1835.32
968.72
1780.75
1857.66
1490.42
488.36
476.9
1625.84
913.35
763.83
1130.2
1062.92
1585.94
1766.12
1316.16
1466.82
1877.26
1237.47
1531.96
1433.48
1183.79
1386.99
1365.59
1439.4
1075.87
1267.91
1400.32
1098.79
911.39
1587.09
1380.23
1293.99
1541.73
1517.3
545.88
795.53
1536.91
1311.13
1282.33
1506.91
1664.13
1248.46
1055.46
1573.98
1342.2
1015.71
1499.25
1379.33
1611.0
1594.24
1400.25
1133.28
1364.09
1588.16
1515.12
2148.43
900.6
604.12
1348.36
1715.95
937.69
688.21
1635.47
978.92
1463.24
1460.41
1538.5
1562.41
1788.23
915.89
1379.82
1615.99
1293.33
817.65
546.88
1254.88
1888.44
1770.23
819.61
1352.26
1418.36
1586.95
1738.74
1767.06
1835.86
1477.67
1468.29
1878.59
1023.22
1108.65
391.19
1446.15
1324.19
1223.28
1375.46
1744.89
2123.59
1752.63
1663.55
1336.03
1244.02
1321.87
1344.45
1842.28
1896.86
1220.74
781.75
1701.77
1058.99
1058.11
1507.78
1399.89
1455.26
1027.63
1019.52
1302.56
357.85
1710.36
1610.58
1684.42
1346.31
1439.85
1097.72
1483.12
1070.76
559.62
1607.02
844.88
1494.91
1005.0
1781.49
737.97
1589.95
1572.79
1103.07
1339.98
1689.73
903.22
1900.44
519.12
1230.12
1920.05
1104.44
1604.71
1302.42
1450.21
454.4
1504.67
1312.18
1116.83
1918.22
1681.4
518.78
1496.1
431.13
1564.88
1234.81
1650.05
1385.76
1565.54
2074.47
409.41
82.59
1304.45
1175.99
1383.99
1436.69
987.58
1718.85
1052.72
1584.52
1301.48
738.77
746.16
1170.6
1520.34
1673.14
908.54
1383.88
1596.0
1292.74
457.88
695.84
1270.49
1395.38
971.72
1313.36
883.28
1390.58
741.16
1261.73
1492.0
1554.87
2054.05
1718.46
1401.97
785.46
1651.01
656.04
1695.11
1175.86
1334.78
1432.14
1092.89
1338.64
1595.87
1671.57
1751.83
1850.24
1675.23
1757.23
738.39
1451.37
1286.55
1664.98
1811.28
1716.47
1564.1
591.05
953.95
1251.67
1852.42
1585.07
1860.09
1642.86
943.55
1470.37
1518.84
1767.31
827.94
1115.56
799.56
1358.75
1875.22
959.19
1287.4
1577.22
1480.36
617.11
1531.51
785.58
1507.03
444.0
1083.97
1148.15
1015.52
1869.11
1686.48
770.48
1682.61
915.15
655.91
1747.3
1285.6
702.47
1344.91
1484.12
1282.76
1489.3
1228.06
1430.26
1704.05
1417.5
1330.26
1376.64
1352.78
214.87
494.4
1366.14
1208.79
1247.49
1127.53
1388.29
1162.33
896.31
1647.4
957.96
896.63
1326.64
1778.68
1444.02
1057.37
1640.29
1674.91
1430.85
1504.92
1751.29
1151.11
1600.05
1600.51
985.33
1590.87
1336.6
1868.09
1245.01
1041.15
1519.85
1545.53
1605.08
1917.05
1531.22
1703.97
1546.84
1443.6
1648.67
1469.9
1214.64
1187.84
1160.0
1661.03
1705.7
1829.49
2081.02
1332.4
657.32
437.7
1746.24
1607.33
1272.74
564.17
1187.13
748.28
1558.12
1838.35
1447.18
1704.52
986.25
833.43
1712.29
1352.11
1686.82
1342.34
1221.93
1785.57
1341.88
607.9
1358.77
1814.87
1122.15
1438.2
1385.7
1633.28
1065.16
665.17
416.75
1777.96
894.96
1499.62
1522.01
1348.02
1492.04
1553.63
879.14
1137.87
1309.57
1330.7
1407.93
855.45
1899.58
1519.18
1422.63
403.87
1264.46
1505.49
981.36
1021.62
1640.62
810.35
721.81
1375.23
1439.98
1582.93
458.7
970.44
1988.0
2099.9
1758.55
1346.92
1194.83
540.59
1803.18
1823.48
1602.36
417.05
1607.38
1714.68
1621.82
1679.87
1691.09
938.3
600.42
1765.61
1619.7
1370.61
1433.14
966.72
1404.84
1163.25
565.54
1867.79
1214.2
1122.07
1295.97
900.25
1119.65
1554.29
1811.23
1274.18
493.9
1352.32
1181.08
1358.36
1290.02
1185.25
1520.48
1365.42
1342.88
1877.76
1603.96
1047.55
1483.28
2170.74
1278.83
1031.97
1611.27
1193.68
1489.8
1646.69
1137.47
1493.6
935.69
1362.95
1053.87
1261.8
1320.99
894.94
1456.8
1816.65
882.54
2196.74
928.99
1098.06
936.78
1638.21
1722.66
1247.61
1481.11
1070.62
1238.31
841.05
1502.67
1241.82
1774.76
1484.75
1141.08
732.65
1633.96
1623.51
1929.05
1070.62
1389.54
1806.36
1001.64
1922.51
1593.49
1779.05
1860.48
1547.39
1033.16
1689.09
341.32
1371.39
1118.34
1315.91
775.98
2188.44
1183.86
1334.19
1206.93
1879.93
1065.52
130.69
1011.68
1048.86
1502.38
1872.37
1621.66
1636.55
1746.14
1018.91
1884.3
1193.47
1345.14
1371.44
843.85
821.31
1682.75
1225.12
632.7
1380.05
1153.32
1425.62
1346.96
1738.3
1214.23
1778.57
1510.27
1376.21
1502.86
1337.07
1348.43
563.26
1121.19
478.22
1575.07
1797.79
1808.54
1333.16
1257.41
1137.87
1403.18
445.05
1859.62
1911.71
1549.81
1597.93
1679.82
1628.72
2083.52
759.49
1162.6
999.24
1699.62
1333.97
1091.86
1198.11
1597.42
1716.62
1638.04
1605.17
848.06
1989.85
790.79
1438.12
1626.91
1070.1
1403.75
1421.94
1433.16
481.1
980.22
1802.31
1572.41
889.71
1462.83
1447.85
1755.92
628.61
1976.87
1545.0
551.47
1216.8
1300.85
291.16
1346.58
1361.7
1345.27
1053.85
1279.89
1577.73
1505.71
2238.87
504.55
1573.59
799.96
1533.38
1280.04
1174.62
1550.74
2012.12
1718.86
1321.94
494.4
1653.09
1116.74
1207.11
1415.2
1123.6
1230.0
1693.36
387.9
854.8
1014.55
1100.18
1529.2
831.34
1158.97
1500.61
1415.54
1304.89
392.41
1353.74
1241.22
762.2
1271.09
832.62
1351.28
1500.03
1533.23
1536.6
1747.26
828.78
1882.29
1785.42
1592.48
1710.6
2108.52
1183.7
1135.4
1398.14
451.7
1860.82
1625.36
1539.65
1111.89
1738.45
1076.32
1496.41
865.35
1778.4
1359.67
1430.29
1697.58
1514.87
1656.32
1381.38
250.0
1174.74
1605.26
1363.87
762.77
1508.82
1452.25
487.05
945.78
1587.45
1772.73
1589.31
2061.91
1777.24
1782.34
1474.48
1907.78
1566.79
1164.64
447.39
1365.16
1658.99
1338.53
1254.95
1574.24
621.83
500.15
507.03
1651.64
1392.26
